
7
0 0
1 0
2 0
2 1
2 1.5
2 2
1 1

7
2 1.5
2 2
1 1
0 0
1 0
2 0
2 1

7
1 0
2 0
2 1
2 1.5
2 2
1 1
0 0

7
2 0
2 1
2 1.5
2 2
1 1
0 0
1 0

7
2 1
2 1.5
2 2
1 1
0 0
1 0
2 0

7
2 2
1 1
0 0
1 0
2 0
2 1
2 1.5

7
1 1
0 0
1 0
2 0
2 1
2 1.5
2 2

7
0 0
1 1
2 2
2 1.5
2 1
2 0
1 0

7
2 1.5
2 1
2 0
1 0
0 0
1 1
2 2


17
0 0
0 0
0 0
0 0
1 0
1 0
2 0
2 0
2 0
2 1
2 1.5
2 1.5
2 2
2 2
1 1
1 1
1 1

22
0 0
0 0
0 0
0 0
1 0
1 0
2 0
2 0
2 0
2 1
2 1.5
2 1.5
2 2
2 2
1 1
1 1
1 1
0 0
0 0
0 0
0 0
0 0

24
0 0
0 0
0 0
0 0
1 0
1 0
2 0
2 0
2 0
2 1
2 1.5
2 1.5
2 2
2 2
1 1
1 1
1 1
0 0
0 0
0 0
0 0
0 0
1 0
2 0

50
0 0
0 0
0 0
0 0
1 0
1 0
2 0
2 0
2 0
2 1
2 1.5
2 1.5
2 2
2 2
1 1
1 1
1 1
0 0
0 0
0 0
0 0
0 0
0 0
0 0
0 0
0 0
1 0
1 0
2 0
2 0
2 0
2 1
2 1.5
2 1.5
2 2
2 2
1 1
1 1
1 1
0 0
0 0
0 0
0 0
0 0
1 0
2 0
2 1
2 1
2 1.5
2 1.5

21
0 0
1 1
2 2
2 1.5
2 1
2 0
1 0
0 0
1 1
2 2
2 1.5
2 1
2 0
1 0
0 0
1 1
2 2
2 1.5
2 1
2 0
1 0

5
0 0
0 0
0 0
0 0
0 0

0
