10

5 7
0 2 100
0 3 50
2 3 50
3 4 50
2 1 50
2 4 50
4 1 125
0 1

5 7
0 2 100
0 3 50
2 3 50
3 4 50
2 1 50
2 4 50
4 1 75
0 1

5 6
0 2 100
0 3 50
3 4 50
2 1 5
2 4 5
4 1 125
0 1

4 10
0 2 70
2 0 70
0 3 30
3 0 30
2 3 5
3 2 5
3 1 70
1 3 70
2 1 25
1 2 25
0 1

4 5
0 1 100
0 2 100
1 2 1
2 3 100
1 3 100
0 3

5 7
0 2 100
0 3 50
2 3 50
3 4 50
2 1 50
2 4 50
4 1 125
0 1

5 7
0 2 100
0 3 50
2 3 50
3 4 50
2 1 50
2 4 50
4 1 75
0 1

5 6
0 2 100
0 3 50
3 4 50
2 1 5
2 4 5
4 1 125
0 1

4 10
0 2 70
2 0 70
0 3 30
3 0 30
2 3 5
3 2 5
3 1 70
1 3 70
2 1 25
1 2 25
0 1

4 5
0 1 100
0 2 100
1 2 1
2 3 100
1 3 100
0 3
